00000011010101101001010100111111
00000001000111101000011101111111
00000001100000001111111001111111
00000001000110110010011101111111
00000000000001101001111111111111
00000000000001110001111111111111
00000000000110010110011111111111
00000001000101101001011101111111
00000001000110010110011101111111
00000001101010001110101001111111
00010111011111101000000100010111
00000001011010101010100101111111
00000110111100001111000010011111
00000000000000010111111111111111
00000000000110001110011111111111
00011011110110001110010000100111
00000011011010010110100100111111
00010110011011101000100110010111
00000001111010001110100001111111
00000110101100001111001010011111
00000110011101101001000110011111
00000001100110001110011001111111
00000011010110010110010100111111
00000111101101001101001000011111
00000000000011110000111111111111
00000011001111001100001100111111
00000110101101001101001010011111
00000110011100101011000110011111
00000110011001101001100110011111
00000011110101001101010000111111
00000001101011001100101001111111
00010111100110001110011000010111
00010110011010101010100110010111
00000000000111101000011111111111
00010110100110001110011010010111
00010110011111101000000110010111
00000111011110001110000100011111
00000011011011001100100100111111
00000001101010101010101001111111
00010111111010001110100000010111
00000110011110001110000110011111
00000111101100001111001000011111
00000001000110001110011101111111
00000001100000101011111001111111
00010110101011001100101010010111
00000000000000110011111111111111
00000110011000101011100110011111
00000001001111101000001101111111
00000000000101110001011111111111
00000011110110001110010000111111
00000001001011001100101101111111
00000110011010010110100110011111
00000011110000001111110000111111
00000000001111001100001111111111
00010110011010010110100110010111
00000110101100101011001010011111
00000001000101110001011101111111
00000011010110101010010100111111
00000001011011101000100101111111
00000001100001101001111001111111
00010110011010001110100110010111
00000001011010010110100101111111
00001111111100001111000000001111
00000001100110101010011001111111
00000001100101101001011001111111
00000011011111001100000100111111
00000001011010001110100101111111
00000011011010001110100100111111
00000011010110001110010100111111
00000001000110101010011101111111
00000001001111001100001101111111
00000001011111101000000101111111
00000110100100001111011010011111
00000000000110110010011111111111
00000111111000001111100000011111
01101001100101101001011001101001
00000000000101101001011111111111
00000111111100001111000000011111
00000110011000010111100110011111
00000110011000001111100110011111
00000000011010010110100111111111
00000001001011010100101101111111
00000000000000001111111111111111
